9832.041650707295
9918.85795963224
9
0
0
20
0.8
20000
20000
0
0
-1
3900
1400
7
3
0
32
1782033675736.5176
Enemy
10044.690868502053
9488.98454572267
0
0
0.8
20
0
0
0
1.6507984840534045
0
60
0
1
0
1
0
0
0
300
0
0
0
0
0
0
0
0
null
0
1
32
1782033725592.1191
3
10264.71637870614
9643.640157967568
0
0
0.8
20
1
0
0
2.9039561578059865
0
60
0
0
0
0
0
0
0
300
0
0
0
0
0
0
0
0
null
0
7
32
1782033769266.442
Village
10187.957996781939
9467.631138288263
0
0
0.8
20
7
0
0
4.789343695952412
0
60
0
0
0
0
0
0
0
300
0
0
0
0
0
0
0
0
null
0
0
17
1782033489062.328
THIS_IS_TEST_WALL
9473.75
9620.029999999999
164.07801138434368
10
0
1782033547452.2065
Y2_WALL_HOUSE
9906.994897959183
9726.638418367345
147.06927306645008
18.263582117167335
0
1782033547452.2065
Y_WALL_HOUSE
9900.100765306124
9490.152448979588
147.06927306645008
18.263582117167335
0
1782033547452.2065
X_WALL_HOUSE
9828.35331632653
9655.968775510204
147.06927306645008
18.263582117167335
-89.81288130857563
1782033547452.2065
X_WALL_HOUSE
9979.30357142857
9432.237908163266
147.06927306645008
18.263582117167335
-89.81288130857563
1782033547452.2065
Y_WALL_HOUSE
10063.00892857143
9421.077193877547
147.06927306645008
18.263582117167335
0
1782033547452.2065
X_WALL_HOUSE
10137.42857142857
9499.482806122449
147.06927306645008
18.263582117167335
-89.81288130857563
1782033547452.2065
Y2_WALL_HOUSE
10155.20280612245
9726.121836734692
150.2580485766535
18.263582117167335
0
1782033547452.2065
X_WALL_HOUSE
10234.169642857141
9659.202193877552
147.06927306645008
18.263582117167335
-89.81288130857563
1782033547452.2065
Y_WALL_EXIT
10200.406887755102
9421.357806122443
147.06927306645008
18.263582117167335
0
1782033713693.889
WALL
10259.136021563283
9602.983270212466
60.14030612244824
15.272959183672356
0
1782033547452.2065
Y2_WALL_HOUSE
10306.153061224491
9685.745561224487
150.2580485766535
18.263582117167335
0
1782033547452.2065
X_WALL_HOUSE
10362.001275510202
9684.993010204082
147.06927306645008
18.263582117167335
-89.81288130857563
1782033547452.2065
Y_WALL_HOUSE
10297.945153061224
9512.518520408157
147.06927306645008
18.263582117167335
0
1782033547452.2065
Y_WALL_HOUSE
10299.022959183674
9421.121836734688
147.06927306645008
18.263582117167335
0
1782033547452.2065
X_WALL_HOUSE
9742.301020408162
9563.538928571428
147.06927306645008
18.263582117167335
-89.81288130857563
1782033547452.2065
Y2_WALL_HOUSE
10163.17474489796
9653.57719387755
147.06927306645008
18.263582117167335
0
6
1782033523295.793
word
9439.200172477427
9774.488604836339
0
0
0
1800
1782033528657.9172
word
9578.200172477427
9782.488604836339
0
0
-178.68308759420674
1800
1782033532439.0947
word
9450.200172477427
9830.488604836339
0
0
-29.357753542791272
1800
1782033539265
word
9608.200172477427
9730.488604836339
0
0
140.71059313749964
1800
1782033700356.4028
can pickup!
10106.074797073486
9833.372300824713
0
0
0
1800
1782033829028.185
here
9867.48605800643
9688.453842369901
0
0
0
1800
0